161.6
158.5
158.3
155.4
146.7
146.5
146
139.5
143.8
149.5
162.5
145.8
145.9
142.1
137.5
134.2
135.1
137
147.9
150.1
151.4
153.8
156
157.7
152
152.5
144.2
145.9
142.3
148.1
152.1
125.3
128.1
122.9
122.1
137.9
125.4
135.7
122.3
121.2
119.2
129.9
125.1
117.9
114.3
113.1
116
113.2
113.7
108.3
111.8
112.7
121.5
127.2
132.2
137
135.5
137.2
145.1
144
133.3
127.8
95.1
96.5
97.1
98.9
94.7
94.1
92.8
94.2
96
93.7
93
93.9
91.5
92.4
93.1
90.1
90.7
89.5
88.6
86.9
88.2
86.7
86.2
86
85.1
85.1
87.9
87.4
87.5
83.6
81.6
79.3
77.8
76.7
73.9
71.6
71.3
70.6
69.6
70.3
70
69.1
69.2
69.5
68.8
69.1
69.7
69.9
69.6
70.5
72.1
70.5
72
71.5
71.9
73.7
76.8
82.5
83.4
83.1
85.7
90.4
66
66.6
66.7
66.4
66.5
66.5
66.8
65.6
66.6
66.8
66.9
67.3
67.7
66.9
68.3
67.9
69
68.5
69.7
68.2
68.8
68
67.7
67.2
68
67.5
68
68.3
68.8
68.6
68.9
68.7
68.2
68.3
69.7
70.8
71.3
69.9
70.7
69.7
70.1
69.5
69.8
70
69.3
68.9
68.8
68.6
69.3
69.1
76.2
79.4
81.8
78.9
75
70.8
68.7
68.6
68.1
68.6
69.2
69.4
68.1
68.1
68.8
68.7
68.3
68.9
68.8
69.2
69.8
69.8
69.6
69.1
67.9
67.4
69.5
69.1
70.9
71.4
71.5
71.1
70.3
69.8
69.9
70.8
70.9
69.9
69.2
69
68.6
69.1
69.8