  -2.8701462e-02
  -6.3699534e-02
   4.1004676e-02
  -4.6583704e-02
   6.1326041e-03
  -1.7277333e-02
   1.6339336e-03
  -6.0473940e-02
   3.6765358e-02
   7.5668574e-02
   1.1694954e-01
   1.2643003e-01
  -5.2101730e-02
  -2.5145154e-02
  -1.9903508e-02
  -6.4873038e-02
  -5.1341897e-02
  -2.8917791e-02
  -4.2868456e-02
   1.6207341e-01
   4.9820577e-02
   4.1181073e-02
  -3.3516439e-02
  -1.2575321e-01
  -3.6482303e-02
   7.9599144e-02
  -3.0850935e-02
   2.2001399e-02
  -3.3758155e-02
  -2.7466866e-02
   2.6639859e-02
  -7.2812673e-02
  -7.7789788e-02
  -1.0618658e-02
   8.0380830e-03
  -3.7919714e-02
   5.7754128e-02
  -7.9672205e-02
  -4.3752150e-02
  -3.0879719e-02
  -9.2950978e-02
  -1.0465169e-02
  -2.9472984e-02
  -1.3158347e-02
   7.9145096e-02
   2.8916235e-02
   7.1370933e-02
   8.2431803e-03
  -2.7206688e-02
   4.7479488e-02
   8.1944019e-02
   6.2097556e-02
  -1.5383530e-02
  -7.2360509e-02
   5.2450786e-02
  -3.7665868e-02
  -3.0915358e-02
  -1.5436250e-01
   8.1417813e-03
   3.0599379e-02
   3.7181078e-03
   1.8745253e-01
  -1.0497271e-01
  -2.8768650e-02
  -2.0995369e-02
  -8.9721697e-02
  -4.4958003e-02
   1.0266906e-02
  -5.6747032e-03
  -2.1184777e-02
   1.7333111e-02
   4.3127212e-02
   4.6339884e-02
  -5.8545985e-02
  -3.6245308e-02
  -3.8231427e-02
  -6.4490846e-03
   3.4738754e-02
   5.7247249e-02
  -4.9029169e-02
   4.2133028e-02
   5.2925441e-02
   2.5852786e-02
   3.1693756e-02
  -7.6724384e-03
   2.5799858e-02
  -2.1708164e-02
   2.0377447e-02
   2.4340176e-02
   9.7384442e-02
   9.7767098e-02
   4.6338999e-03
  -2.2919843e-02
  -5.9668132e-03
   3.9806974e-02
  -7.2558567e-02
   3.2521835e-02
   2.9272500e-02
   1.5589990e-02
   7.9700138e-03
   1.7810950e-02
  -7.6436188e-03
  -6.3894498e-02
  -3.6791840e-02
  -3.1705185e-02
  -6.3521183e-03
  -5.1623133e-03
   5.6546036e-03
  -1.7760341e-02
   1.9864511e-02
   4.6966677e-03
   5.2908221e-06
   1.3886714e-02
   2.6050173e-02
  -9.1729493e-03
  -4.7292812e-02
   5.3316156e-02
   2.6729698e-02
   3.6348682e-02
   3.2697707e-02
  -7.1200120e-03
   4.5722421e-02
   3.7439965e-02
   3.4954098e-02
  -3.5076909e-03
  -2.8470929e-02
   2.1141178e-03
   2.3362863e-02
   4.1588326e-03
   1.0397100e-02
  -8.0998718e-03
   2.7602385e-03
   5.8733252e-03
   2.7162677e-03
  -1.7502399e-03
   3.3374337e-02
   9.0089281e-03
   2.8899664e-02
  -3.6261700e-03
   6.7819585e-03
  -4.8633149e-03
   1.4522255e-02
   3.5663566e-02
  -2.0385627e-02
   8.1060579e-03
  -1.0077019e-03
  -6.4373641e-02
  -2.3830629e-02
  -1.5017901e-02
  -1.5512487e-02
  -8.6340916e-03
  -3.8263223e-02
   1.5555548e-02
  -5.0986432e-02
  -6.0522759e-03
  -7.7734791e-04
   1.3751671e-02
  -2.1107438e-03
   2.0613018e-02
   3.6535024e-02
   2.2738066e-02
   2.8514948e-02
   3.3549381e-02
   1.2729039e-02
  -5.9785712e-03
   1.4704875e-02
   1.4870364e-02
   1.4189945e-02
  -1.8898692e-02
  -2.1590100e-02
  -2.1342246e-02
  -3.1079091e-02
  -1.8869832e-02
  -3.8789555e-03
  -1.5061859e-02
   1.1679931e-03
   1.9627183e-03
   4.4321641e-04
  -2.6363713e-02
  -1.9174904e-02
  -5.1459895e-03
  -9.4239758e-03
  -1.4135228e-02
   6.3252100e-03
   2.3600627e-02
  -8.9184082e-03
  -9.1233612e-03
  -2.5587431e-02
  -1.7479735e-02
  -1.2595286e-02
  -1.8119103e-02
   2.4611141e-02
   4.2002405e-03
   2.5138010e-02
   1.4911393e-02
  -3.1845961e-04
   1.3939974e-02
   1.9820070e-02
   1.9334331e-02
   1.9459982e-02
   4.4131279e-03
   4.9559844e-02
   2.1769762e-02
   1.6298421e-02
   8.9383453e-03
   4.0829301e-03
   2.8816358e-02
   2.5627148e-02
   9.8949364e-03
   4.7903408e-03
   1.2490367e-02
  -1.5252228e-02
  -1.3145757e-03
   9.3624253e-03
  -1.3275922e-02
   2.8021892e-02
   1.5810209e-02
