  -2.4939355e-01
  -2.2912214e-01
  -9.8136533e-03
  -1.1722380e-01
  -1.5735250e-01
  -2.3678679e-01
  -2.1861866e-01
  -2.0456919e-01
  -2.6726586e-01
  -2.5052037e-01
  -9.7030969e-02
  -3.4344798e-01
  -1.5338308e-01
  -3.1008669e-01
  -2.7610534e-01
  -1.8545466e-01
  -2.5420761e-01
  -2.4840944e-01
  -2.8239672e-01
  -1.7019205e-01
  -1.3050809e-01
  -1.8635231e-01
  -2.7177440e-01
  -2.5062914e-01
  -5.6193362e-02
  -3.8619769e-01
  -3.0595722e-01
  -1.9161323e-01
  -7.0368826e-02
  -2.1227099e-01
  -1.2699859e-01
  -2.7199149e-01
  -3.6859097e-01
  -1.5910320e-01
  -2.2357206e-01
  -2.1307370e-01
  -4.9335604e-02
  -1.5413900e-01
   3.8188764e-02
  -7.2183723e-02
  -2.1184365e-01
  -6.9655085e-02
  -1.9731077e-01
  -1.4746723e-01
   2.1375050e-02
  -2.0763085e-01
  -9.8898437e-02
  -2.7849931e-01
   3.4246673e-02
  -1.0173949e-01
  -2.6467006e-01
  -3.3686772e-01
  -1.3164947e-01
  -4.3283987e-01
  -1.3718194e-01
  -3.3450877e-01
  -3.4660694e-01
  -3.5998812e-01
  -3.0409841e-01
  -2.7306287e-01
  -4.5013586e-01
  -4.9052536e-01
  -1.6487310e-01
  -2.3883535e-01
  -1.5939424e-01
  -1.9362008e-01
  -1.2005777e-01
  -2.2592359e-01
  -1.8782193e-01
  -2.8581422e-01
  -1.9356650e-01
  -1.6458325e-01
   6.2983298e-04
  -4.4474416e-01
  -3.6437670e-01
  -2.1625554e-01
  -2.9441557e-01
  -2.3510400e-01
  -1.6509509e-01
  -4.0715948e-01
  -1.3420561e-01
  -2.6568113e-01
  -2.9159230e-01
  -2.0656870e-01
  -1.5791899e-01
  -3.4440332e-01
  -1.1941884e-01
  -4.0251984e-01
  -3.3200311e-01
  -3.9522437e-01
  -3.3803632e-01
  -1.5025943e-01
  -3.6099279e-01
  -1.4034351e-01
  -1.2487196e-01
  -1.8271658e-01
  -8.4595755e-02
  -1.5784082e-01
  -1.4030831e-01
  -1.6792913e-01
  -1.2074980e-01
  -1.7905426e-01
  -1.9408039e-01
  -1.9605408e-01
  -1.2696603e-01
  -8.3849848e-02
  -6.3581984e-02
  -8.4538344e-02
  -1.2233508e-01
  -1.0375487e-01
  -8.5744262e-02
  -5.7005810e-02
  -1.9530643e-02
  -9.5899353e-02
  -1.2594356e-01
  -1.6400045e-01
  -5.6444921e-02
  -1.8615578e-02
  -7.6606049e-02
   5.5205213e-02
  -1.5071298e-01
   2.6946505e-02
   5.0402963e-02
   4.8240705e-02
  -6.0316485e-02
  -9.3288818e-02
  -4.3952019e-02
  -4.3896132e-02
  -1.9678463e-02
  -3.1196255e-02
   2.1317849e-02
  -2.6577640e-02
  -1.1054806e-01
  -8.9813728e-02
  -1.5755551e-01
  -6.6021761e-02
  -1.2196064e-01
  -2.2338113e-02
  -1.0470162e-01
  -1.5317669e-01
  -1.3041261e-01
  -9.9060149e-02
  -1.1041152e-01
  -7.3125324e-02
  -1.6168742e-01
  -1.3350414e-01
  -1.3882416e-01
  -1.8180553e-01
  -1.4297724e-01
  -1.5531010e-01
  -1.5654343e-01
  -1.5297716e-01
  -7.0101833e-02
  -1.7444558e-01
  -1.2019397e-01
  -3.3498995e-02
  -5.3206546e-02
  -8.0269278e-02
  -4.6717262e-02
  -6.4587969e-02
  -6.6441402e-02
  -9.1449547e-02
  -9.0658016e-02
  -2.2128537e-02
  -1.6561994e-02
  -2.2929708e-02
  -8.9390655e-02
  -1.1812727e-01
  -1.4604059e-01
  -1.1827835e-01
  -1.4149463e-01
  -1.1539519e-01
  -1.8069519e-01
  -9.5863231e-02
  -1.3025570e-01
  -4.9287493e-02
  -2.7412204e-02
  -1.2031300e-01
  -1.0562434e-01
  -1.0379995e-01
  -1.3412142e-01
  -1.0765613e-01
  -1.2396638e-01
  -1.0002993e-01
  -4.6983990e-02
  -1.2699383e-01
  -4.0130202e-02
  -8.1008143e-02
  -1.0509090e-01
  -1.1169819e-01
  -1.2838377e-01
  -1.0031092e-01
  -9.5148648e-02
  -8.1585727e-02
  -1.4094402e-01
  -1.3818191e-01
  -5.3101235e-02
  -6.8875237e-02
  -6.6532138e-02
  -5.3304877e-02
  -1.0408811e-01
  -1.0635995e-01
  -1.2827638e-01
  -1.1318290e-01
  -8.4032629e-02
  -8.0581236e-02
  -7.4345059e-02
  -1.0677395e-01
  -8.3124043e-02
  -1.2862151e-01
  -8.2107175e-02
  -1.4216198e-01
  -1.2630238e-01
  -9.5694561e-02
  -3.7625163e-02
  -9.6067166e-02
  -1.2961993e-01
