  -2.6704029e-02
   7.9741101e-03
  -3.7702733e-03
  -2.1689466e-02
  -2.3846914e-02
  -1.1667900e-02
  -4.3914589e-03
  -8.7437510e-03
  -2.1050930e-02
  -2.5998423e-02
   1.5616418e-02
  -2.2479359e-02
  -3.5335841e-02
  -2.4211438e-02
  -6.8963592e-04
  -1.3070616e-02
  -1.1933894e-02
  -8.0132812e-03
  -1.7970875e-02
  -7.1665308e-03
  -1.3221387e-02
  -1.4853979e-02
  -8.0655296e-03
  -1.8515417e-02
  -1.3993651e-02
  -2.4506515e-02
  -1.4840334e-02
  -2.4910715e-02
  -2.8639096e-03
  -1.6529612e-02
  -2.8461807e-02
  -3.3247150e-03
   4.4201828e-02
  -2.2701273e-02
  -1.0095899e-02
  -1.1371633e-02
  -2.5074163e-02
  -2.0027352e-02
  -1.4768316e-02
  -2.0748539e-02
  -5.9097779e-03
  -4.3855451e-03
  -1.3968937e-02
  -1.5824838e-02
  -1.9208734e-02
  -8.5923824e-03
  -1.9102812e-02
  -1.7448760e-02
   5.3423280e-02
  -2.6557212e-02
  -2.5856493e-02
  -2.2198270e-02
  -5.6163212e-03
  -2.2705946e-02
  -2.0205831e-02
  -1.5889841e-02
  -1.5081417e-02
  -2.6377247e-02
  -2.9168282e-02
  -1.2588471e-02
  -3.1681694e-02
  -5.7679577e-02
  -1.2455916e-02
   1.2658943e-02
  -1.1153013e-02
  -1.5432737e-02
  -2.0012000e-02
  -2.1120945e-02
  -1.9800884e-02
  -2.7169071e-02
  -1.8037695e-02
  -1.2243530e-02
  -2.1400661e-02
  -2.3683223e-02
  -8.6291598e-03
  -1.2041362e-02
  -7.0129774e-03
  -1.1916038e-02
   5.4028171e-03
  -4.5709401e-03
   4.5338902e-04
  -1.8222132e-02
  -2.2754278e-02
  -2.7081450e-02
  -2.4765792e-02
  -1.7747070e-02
  -1.3430163e-02
  -1.5555161e-02
  -2.4248598e-02
  -3.7559918e-02
  -1.1294451e-02
   7.7035710e-03
  -6.8284060e-03
  -2.4357210e-03
   5.2777405e-04
  -1.1105570e-02
  -1.6973278e-02
  -2.7427205e-03
   5.1850605e-03
  -1.4852386e-02
   8.1877121e-03
  -3.2547468e-03
  -1.0675368e-02
  -1.5529514e-02
  -1.2771177e-02
  -6.8019704e-03
  -4.0865910e-03
  -8.5765423e-03
  -1.5789536e-02
  -1.1209433e-02
  -1.4727675e-02
  -8.0051016e-03
  -6.7720162e-03
  -9.9001826e-03
  -5.2862995e-03
  -3.6914729e-03
  -1.4602332e-02
  -9.1323981e-03
  -1.5925303e-02
  -1.4186268e-02
  -1.0335640e-02
  -1.1064105e-02
  -4.1407980e-03
  -2.0818441e-03
  -9.2022446e-03
  -1.8186085e-02
  -9.1763194e-03
  -8.3841173e-03
  -2.3951665e-02
  -2.1606509e-02
  -2.0675531e-02
  -1.7515211e-02
  -5.0680692e-03
   1.4341436e-02
   5.7136284e-03
  -1.1547871e-02
   4.7002600e-03
  -2.6149730e-02
  -6.5793434e-03
   1.8221073e-02
   5.6436969e-03
   1.9007515e-02
   4.8292495e-03
  -1.5129772e-02
   5.5965836e-03
  -1.1784562e-02
  -1.5379209e-02
  -2.0943060e-02
  -1.1177342e-02
  -1.0221504e-02
  -1.5760374e-02
  -4.4720916e-03
  -1.0922186e-02
  -1.2581342e-02
  -2.0899682e-02
  -8.4362363e-03
  -8.5411964e-03
  -1.4228284e-02
  -1.2484299e-02
  -3.4694640e-03
   2.1747809e-03
  -1.6159640e-04
  -1.3503389e-02
  -4.8559783e-03
  -7.3271472e-03
  -1.5124948e-02
  -7.1751665e-03
  -4.3613454e-03
  -1.2844349e-02
  -1.3601187e-02
  -9.4435856e-03
  -1.2935138e-02
  -9.4297784e-03
  -2.0791212e-02
  -1.4348773e-02
  -1.3522126e-02
  -1.1374389e-02
  -1.2576121e-02
  -9.1243730e-03
  -1.0110173e-02
  -8.5039098e-03
  -1.2955543e-02
  -2.1567195e-02
   3.9907739e-03
  -1.9814661e-02
  -1.4850837e-02
   1.0920796e-03
   3.8392684e-04
  -6.3364352e-03
   1.3164931e-03
  -4.3928291e-03
   3.6315179e-03
   4.0837992e-04
  -3.2742335e-03
  -6.5000115e-03
  -9.4674607e-04
  -1.2245254e-02
  -1.1809250e-02
   6.1726785e-03
  -1.3744112e-02
  -2.3674661e-02
  -7.6910497e-03
  -3.0303490e-03
  -3.2981129e-03
  -2.5986033e-02
  -5.0950853e-03
  -5.5165557e-03
  -1.5364059e-03
   3.3917763e-04
  -4.6012108e-03
  -5.0201907e-03
  -1.1184207e-02
  -7.1072906e-03
  -1.2506324e-02
  -8.1395458e-03
  -6.1500543e-03
  -1.0238427e-03
