   3.0519971e+00
   7.2097880e+00
  -7.2104404e+00
   2.6025114e+00
  -2.8887945e+00
   4.0620938e-01
  -3.1522409e-01
   6.9866344e+00
  -5.5682534e+00
  -9.4260560e+00
  -1.2349706e+01
  -1.7299862e+01
   5.0398735e+00
   1.6670351e+00
  -9.4206838e-01
   3.7972002e+00
   3.4223181e+00
   4.2014358e-01
   1.8616173e+00
  -1.8766691e+01
  -7.8673490e+00
  -6.5603752e+00
   3.3643411e+00
   1.2787312e+01
   8.5529744e-01
  -1.1192083e+01
   2.0793298e+00
  -4.0158415e+00
   1.2295678e+00
   1.4821000e+00
  -4.5856033e+00
   5.3393974e+00
   5.1937043e+00
   1.7340680e+00
  -2.5826917e+00
   3.3821412e+00
  -1.0255167e+01
   6.0152612e+00
   1.8668207e+00
   1.1468663e+00
   8.8448569e+00
  -8.3862121e-01
   2.8535098e+00
  -3.7508689e-01
  -1.1147137e+01
  -3.6590294e+00
  -9.1549478e+00
  -3.8870796e+00
   4.5066959e+00
  -7.7289812e+00
  -1.1793624e+01
  -9.1424823e+00
  -2.1894972e+00
   3.9047215e+00
  -8.5458709e+00
   1.8141788e+00
   2.2519070e+00
   1.4302449e+01
  -3.4657762e+00
  -5.8930855e+00
  -3.0923657e+00
  -2.6490278e+01
   1.0665726e+01
   2.8263839e+00
   1.7743964e+00
   9.2113381e+00
   4.9151786e+00
  -2.9006470e+00
   6.4546854e-01
   1.4198341e+00
  -2.7271423e+00
  -5.1804740e+00
  -6.5557927e+00
   3.2577711e+00
   2.2763653e+00
   1.0699376e+00
  -2.8073662e+00
  -4.6669725e+00
  -6.6854821e+00
   3.8004897e+00
  -4.2964378e+00
  -6.7549237e+00
  -4.9033575e+00
  -5.8767375e+00
  -1.9001592e+00
  -5.8106227e+00
  -5.7996123e-01
  -6.0670772e+00
  -7.0552044e+00
  -1.5177913e+01
  -1.4344606e+01
  -4.8434393e-01
   5.9297613e-01
   2.4712341e-01
  -4.4006065e+00
   7.3781623e+00
  -4.8367708e+00
  -3.9566944e+00
  -2.3403633e+00
  -1.5239568e+00
  -2.3190345e+00
   3.8020471e-01
   5.8895604e+00
   2.7584156e+00
   2.4031801e+00
  -4.6041180e-01
  -3.1125519e-01
  -1.8340227e+00
   8.0090787e-01
  -3.1437781e+00
  -1.4289892e+00
  -1.2084879e+00
  -2.5621976e+00
  -4.0553848e+00
   1.2244270e+00
   5.0439156e+00
  -6.7737365e+00
  -4.0026366e+00
  -4.7394712e+00
  -4.8341431e+00
  -2.8072126e-01
  -6.6139161e+00
  -5.7195850e+00
  -5.5355743e+00
  -1.0399183e-01
   2.7502389e+00
  -8.7291936e-01
  -3.4300614e+00
  -1.1977277e+00
  -1.9573394e+00
   8.3280181e-02
  -1.2267028e+00
  -8.1158534e-01
  -7.3063386e-01
   9.3255118e-02
  -4.5823322e+00
  -1.7938595e+00
  -3.9830652e+00
  -6.3297562e-01
  -1.6377545e+00
   3.0958941e-01
  -2.4045912e+00
  -4.5158004e+00
   1.0191591e+00
  -1.7527275e+00
  -1.3327804e-01
   5.8134405e+00
   1.8632934e+00
   1.1565860e+00
   1.1826064e+00
   2.1922341e-01
   2.8563128e+00
  -2.7478952e+00
   5.1314020e+00
  -6.6411936e-01
   3.4669240e-01
  -1.7146768e+00
  -4.4380311e-01
  -2.9621091e+00
  -4.3758234e+00
  -2.8449318e+00
  -4.1143967e+00
  -4.6310668e+00
  -2.4063722e+00
  -3.4603363e-01
  -2.3897558e+00
  -2.4907004e+00
  -2.4733829e+00
   1.4157133e+00
   1.9563453e+00
   1.6136809e+00
   2.4030336e+00
   9.5113257e-01
  -5.7919419e-01
   6.5595825e-01
  -9.5583211e-01
  -8.4848346e-01
  -7.6764719e-01
   2.1071638e+00
   1.1857805e+00
  -4.8954553e-01
   4.1980658e-01
   5.9221433e-01
  -7.8162149e-01
  -3.4621441e+00
   5.8493657e-01
   1.3140461e+00
   2.6681136e+00
   1.1009438e+00
   5.4475657e-01
   1.3587586e+00
  -3.3224847e+00
  -9.4495141e-01
  -3.4421308e+00
  -2.4065774e+00
  -7.3926795e-01
  -2.4939842e+00
  -2.8271478e+00
  -2.3048012e+00
  -3.0868212e+00
  -1.4146672e+00
  -6.3293739e+00
  -2.9231498e+00
  -1.8026891e+00
  -1.5542657e+00
  -1.7529548e+00
  -4.3353633e+00
  -3.3610150e+00
  -1.5512058e+00
  -1.3263279e+00
  -2.4636815e+00
   8.7209916e-01
  -5.2544659e-01
  -1.7871287e+00
   5.9224247e-01
  -4.0314810e+00
  -2.5333964e+00
