   6.3981272e+00
  -1.7688183e+00
   9.1616767e-01
   5.2223108e+00
   5.5080401e+00
   2.5379750e+00
   1.0989140e+00
   2.1109125e+00
   4.5671029e+00
   6.1909637e+00
  -3.6947970e+00
   5.2596578e+00
   7.9313847e+00
   5.4358640e+00
  -3.7208598e-01
   2.8518680e+00
   2.6369843e+00
   1.6704746e+00
   3.9749880e+00
   1.0159633e+00
   3.1778576e+00
   3.3846166e+00
   1.8469406e+00
   4.2521229e+00
   3.0771903e+00
   5.7157154e+00
   3.1151260e+00
   5.6080181e+00
   6.0932722e-01
   3.8927878e+00
   6.6851581e+00
   7.2384618e-02
  -1.0815745e+01
   5.2862143e+00
   2.3534458e+00
   2.7215766e+00
   6.2514418e+00
   4.7942420e+00
   3.3683916e+00
   4.8517053e+00
   1.4270468e+00
   1.2326309e+00
   3.3807123e+00
   3.6944408e+00
   4.6088180e+00
   2.1161109e+00
   4.4122788e+00
   4.3083081e+00
  -1.3620582e+01
   6.3298991e+00
   5.9880243e+00
   5.1352462e+00
   1.3004636e+00
   5.4211172e+00
   4.3523802e+00
   3.6939486e+00
   3.4916608e+00
   5.8935337e+00
   6.5110873e+00
   2.7525536e+00
   6.9341687e+00
   1.3888890e+01
   2.9953416e+00
  -2.9717813e+00
   2.6360843e+00
   3.6797320e+00
   4.9059809e+00
   4.5568628e+00
   4.5109487e+00
   5.9678474e+00
   3.7579081e+00
   2.4195486e+00
   5.0715872e+00
   5.1752645e+00
   1.7233161e+00
   2.5241507e+00
   1.3007397e+00
   2.5579371e+00
  -1.4718808e+00
   7.2785764e-01
  -4.6666913e-01
   3.7537849e+00
   4.7252744e+00
   5.8678789e+00
   5.4926958e+00
   3.6365004e+00
   3.1174812e+00
   3.5464715e+00
   5.7322870e+00
   9.1361607e+00
   2.7235641e+00
  -2.1717569e+00
   1.3256353e+00
   5.3162113e-01
  -3.6367987e-01
   2.5895056e+00
   3.9351415e+00
   3.7875954e-01
  -1.2692626e+00
   3.2715940e+00
  -1.8541397e+00
   7.5382125e-01
   2.4111747e+00
   3.4286407e+00
   2.9813263e+00
   1.5481053e+00
   9.7496698e-01
   1.9248395e+00
   3.5932648e+00
   2.4705276e+00
   3.3169649e+00
   1.8253691e+00
   1.5982928e+00
   2.2302293e+00
   1.2344076e+00
   9.4495478e-01
   3.1789187e+00
   2.1172612e+00
   3.4648362e+00
   3.2041835e+00
   2.1324588e+00
   2.3353641e+00
   9.4789041e-01
   5.1202991e-01
   2.0464071e+00
   3.9546071e+00
   1.9853481e+00
   1.8336354e+00
   5.2977367e+00
   4.8375290e+00
   4.6149012e+00
   3.9457935e+00
   1.0990449e+00
  -2.9542538e+00
  -1.1577676e+00
   2.5176305e+00
  -8.8314050e-01
   5.6294065e+00
   1.4455521e+00
  -3.7794196e+00
  -1.2642467e+00
  -4.0606488e+00
  -1.0563157e+00
   3.4070693e+00
  -1.0603411e+00
   2.7065764e+00
   3.5294509e+00
   4.5710311e+00
   2.6436010e+00
   2.3806128e+00
   3.3981240e+00
   1.0234427e+00
   2.5454139e+00
   2.9527196e+00
   4.6269059e+00
   1.8836331e+00
   1.8771291e+00
   3.1396439e+00
   2.7598593e+00
   6.6386603e-01
  -4.9910414e-01
  -3.8056298e-02
   2.9331921e+00
   1.1688355e+00
   1.7006117e+00
   3.4980626e+00
   1.7142450e+00
   9.9704018e-01
   2.9013167e+00
   3.1975404e+00
   2.1991832e+00
   2.9805789e+00
   2.0344901e+00
   4.6507117e+00
   3.2129480e+00
   3.0666167e+00
   2.6914433e+00
   2.9463141e+00
   2.1016289e+00
   2.3653216e+00
   1.9238832e+00
   2.8674880e+00
   4.8336492e+00
  -9.2897892e-01
   4.4932939e+00
   3.3031688e+00
  -9.1391093e-02
   8.4453751e-02
   1.4696711e+00
  -2.5722235e-01
   1.1067390e+00
  -7.5946363e-01
  -1.0065585e-01
   7.1519024e-01
   1.4251261e+00
   2.8620975e-01
   2.8730115e+00
   2.7339070e+00
  -1.6628870e+00
   3.1590641e+00
   5.3389357e+00
   1.4725917e+00
   4.9105967e-01
   6.8216683e-01
   5.7289111e+00
   1.0771916e+00
   1.2127486e+00
   1.8376528e-01
  -1.9911835e-01
   9.2612831e-01
   1.0222677e+00
   2.4721684e+00
   1.5364807e+00
   2.7502210e+00
   1.8963936e+00
   1.3483340e+00
   1.2750275e-01
