  -2.8631869e+02
   1.8098832e+02
   2.9616759e+01
  -2.2580017e+02
  -2.2711994e+02
  -5.4916755e+01
   1.5626595e+01
  -4.3334280e+01
  -1.5297546e+02
  -2.7897039e+02
   2.9193972e+02
  -2.2661839e+02
  -3.6026475e+02
  -2.1404338e+02
   1.3601471e+02
  -6.9822823e+01
  -5.7851943e+01
  -1.8614029e+00
  -1.3045746e+02
   5.6994212e+01
  -1.0548836e+02
  -1.0575793e+02
  -2.1082668e+01
  -1.5349052e+02
  -8.5286767e+01
  -2.4150078e+02
  -6.8549164e+01
  -2.1801847e+02
   5.2957061e+01
  -1.3491977e+02
  -3.0080068e+02
   1.0641841e+02
   7.2462130e+02
  -2.3152762e+02
  -5.5606121e+01
  -8.7522391e+01
  -3.1223070e+02
  -2.0971808e+02
  -1.2471744e+02
  -2.0494601e+02
  -1.4298085e+01
  -1.7275126e+01
  -1.3099889e+02
  -1.3913591e+02
  -2.0573766e+02
  -5.9138229e+01
  -1.8793325e+02
  -1.8868886e+02
   8.8777146e+02
  -3.1572218e+02
  -2.7862676e+02
  -2.2350247e+02
  -6.8502181e+00
  -2.4719164e+02
  -1.5882965e+02
  -1.3329491e+02
  -1.1643515e+02
  -2.4696159e+02
  -2.7816786e+02
  -6.0864780e+01
  -2.8684955e+02
  -7.4852967e+02
  -1.3489012e+02
   2.2222357e+02
  -1.0056164e+02
  -1.6140561e+02
  -2.4463159e+02
  -1.8917189e+02
  -1.9553050e+02
  -2.6627204e+02
  -1.3697607e+02
  -6.2653588e+01
  -2.4722473e+02
  -2.1603121e+02
  -2.5625813e+01
  -7.9819037e+01
   1.6370069e+00
  -7.7719888e+01
   1.5188709e+02
   3.3979186e+01
   9.6961561e+01
  -1.3618364e+02
  -1.8551744e+02
  -2.6211448e+02
  -2.5168370e+02
  -1.2612422e+02
  -1.3332762e+02
  -1.5312147e+02
  -2.9072696e+02
  -4.9835618e+02
  -1.0660845e+02
   1.9437180e+02
  -6.7782041e+00
   1.0900811e+01
   6.8858616e+01
  -1.1296605e+02
  -1.8532911e+02
   2.9864675e+01
   1.1650198e+02
  -1.3851432e+02
   1.3878320e+02
  -4.6011205e+00
  -9.5277936e+01
  -1.4896875e+02
  -1.3416483e+02
  -5.2846115e+01
  -2.3537982e+01
  -7.2740004e+01
  -1.6511972e+02
  -9.9237327e+01
  -1.5136957e+02
  -7.1257507e+01
  -6.2300697e+01
  -8.9913949e+01
  -3.4210966e+01
  -1.6752104e+01
  -1.3178595e+02
  -8.6144360e+01
  -1.5139948e+02
  -1.4483888e+02
  -6.0704654e+01
  -8.1257715e+01
  -1.4413443e+01
   8.9961660e+00
  -8.4282783e+01
  -1.8591959e+02
  -7.8311746e+01
  -6.9651392e+01
  -2.6159411e+02
  -2.3941971e+02
  -2.2997943e+02
  -1.9234919e+02
  -3.0112881e+01
   1.8426394e+02
   9.4184794e+01
  -1.0179520e+02
   7.2949493e+01
  -2.7106373e+02
  -4.2246233e+01
   2.3408554e+02
   1.0819035e+02
   2.5082936e+02
   9.6010970e+01
  -1.5157919e+02
   8.5903112e+01
  -1.1917532e+02
  -1.6373397e+02
  -2.1058244e+02
  -1.1394455e+02
  -9.9135928e+01
  -1.4478257e+02
  -2.3041882e+01
  -1.1360808e+02
  -1.3681411e+02
  -2.1673615e+02
  -8.0662729e+01
  -7.4069422e+01
  -1.4287024e+02
  -1.2341939e+02
  -3.1111085e+00
   5.4951967e+01
   3.6838851e+01
  -1.2623427e+02
  -4.1004554e+01
  -7.0390504e+01
  -1.7222788e+02
  -7.2609016e+01
  -2.5361234e+01
  -1.3063204e+02
  -1.5169342e+02
  -9.4078655e+01
  -1.3580662e+02
  -7.2471492e+01
  -2.2692152e+02
  -1.4733730e+02
  -1.4294053e+02
  -1.2904042e+02
  -1.4003978e+02
  -9.1185337e+01
  -1.0723619e+02
  -7.5630132e+01
  -1.2856968e+02
  -2.3633387e+02
   8.1077404e+01
  -2.2093642e+02
  -1.5164345e+02
   1.8723033e+01
   1.2661131e+01
  -5.5123804e+01
   4.1554683e+01
  -3.5505429e+01
   7.0341266e+01
   3.5222035e+01
  -7.9441367e+00
  -4.3461930e+01
   1.1759762e+01
  -1.3660180e+02
  -1.2678363e+02
   1.3302183e+02
  -1.5030182e+02
  -2.6954644e+02
  -3.8448533e+01
   1.3162150e+01
  -3.2299426e+00
  -2.8140925e+02
  -2.3004076e+01
  -3.3405368e+01
   3.1367899e+01
   4.7079293e+01
  -1.3966232e+01
  -2.0595286e+01
  -1.0332979e+02
  -5.2426224e+01
  -1.1978073e+02
  -8.1453794e+01
  -4.2201536e+01
   3.6559010e+01
